30333.035
47058.234
64077.258
77842.69
89809.45
100279.71
109491.07
117180.336
124729.65
131443.58
137146.31
142758.39
147784.6
152140.69
156399.98
159995.66
163633.19
166909.27
169747.84
172564.73
174944.42
177616.72
179933
182019.22
183896.06
185466.81
187091.98
188418.7
189825.52
191081.86
192160.73
193242.1
194150.42
195077.61
195838.56
196629.22
197346.9
198349.67
199037.77
199713.05
200375.7
201025.92
201663.92
202296.73
203201.69
203870.84
204482
205081.52
205669.56
206246.31
206811.94
207366.61
208169.19
208699.78
209220.69
209781.31
210301.44
210811.27
211310.92
211800.6
212523.27
212990.97
213449.1
213897.83
214337.25
214767.53
215190.16
215839.81
216256.67
216666.47
217069.33
217467.11
217860.98
218251.66
218635.55
219010.44
219382.52
219748.06
220104.56
220458.64
220806.34
221145.03
221482.88
221819.47
222149.89
222471.28
222986.84
223300.78
223608.75
223910.84
224207.11
224497.6
224779.81
225060.3
225335.16
225601.78
225866.92
226126.63
226380.92
226628.34
226873.3
227113.02
227345.86
227576.48
227802.02
228020.72
228237.42
228817.02
229313.17
229732.08
229940.67
230341.13
230543.48
230743.58
230938.88
231127.95
231314.97
231497.28
231673.44
231847.72
232017.44
232181.03
232342.94
232500.36
232651.75
232801.56
232947.05
233086.52
233401.89
233539.94
233673.78
233801.69
233928.31
234050.81
234167.45
234282.9
234394.34
234500.02
234604.63
234705.3
234800.28
234894.27
234984.42
235069
235152.67
235232.61
235307.03
235518.11
235588.45
235655.17
235718.31
235777.89
235833.95
235885.27
235935.63
235985.72
236032.36
236074.34
236115.19
236152.66
236185.58
236217.39
236245.9
236272.23
236296.31
236319.31
236341.47
236487.73
236507.5
236522.94
236537.31
236550.25
236561.48
236570.4
236577.4
236583.38
236588.33
236593.27
236596.16
236597.19
236719.78
236719.78
236719.78
236719.78
236719.78
236719.78
236719.78
236719.78
236719.78
236719.78
236719.78
236719.78
236719.78
236719.78
236719.78
236719.78
236719.78
236719.78
236719.78
236719.78
236719.78
236719.78
236719.78
236719.78
236719.78
236719.78
236719.78
236719.78
236719.78
236719.78
236719.78
236719.78
236719.78
236719.78
236719.78
236719.78
236719.78
236719.78
236719.78
236719.78
236719.78
236719.78
236719.78
236719.78
236717.67
236715.58
236713.48
236711.39
236709.3
236707.2
236705.11
236703.02
236700.92
236698.83
236696.73
236694.64
236692.55
236690.45
236688.34
236686.23
236684.13
236682.02
236679.92
236677.83
236675.73
236673.66
236671.56
236669.47
236667.38
236665.28
